   7.2227298039459557E-008   1.4180097292714415E-007   1.7343717084940806E-007   1.8202121517699322E-007   1.8400683491751919E-007   1.8444872151464690E-007   1.8454620833389131E-007   1.8456767402814320E-007   1.6240539002275852E-007   3.1808954229174196E-007   3.8867933152819155E-007   4.0781252374027968E-007   4.1223710959389941E-007   4.1322171042417589E-007   4.1343892513670899E-007   4.1348675365717465E-007   2.1032352811756572E-007   4.1152296338077982E-007   5.0263714022439100E-007   5.2732199846159641E-007   5.3302973714035537E-007   5.3429984272527722E-007   5.3458004150590287E-007   5.3464173840984730E-007   2.2412250375514406E-007   4.3840248501923784E-007   5.3540792988992898E-007   5.6168559313789590E-007   5.6776143213279481E-007   5.6911343875064168E-007   5.6941170528359828E-007   5.6947738049813903E-007   2.2736436722150060E-007   4.4471580547130586E-007   5.4310414365162608E-007   5.6975565081202464E-007   5.7591788317475595E-007   5.7728911187826809E-007   5.7759161888687110E-007   5.7765822780489769E-007   2.2808839699670476E-007   4.4612572377778396E-007   5.4482285389481011E-007   5.7155783589730255E-007   5.7773935872078622E-007   5.7911487944686596E-007   5.7941833329395984E-007   5.7948515069480836E-007   2.2824825527716286E-007   4.4643701507229251E-007   5.4520232030847525E-007   5.7195573178319019E-007   5.7814151352395367E-007   5.7951798183561402E-007   5.7982164472411321E-007   5.7988850815344687E-007   2.2828346073180905E-007   4.4650557029436885E-007   5.4528588953670437E-007   5.7204335967444304E-007   5.7823007934244809E-007   5.7960675633772461E-007   5.7991046526271542E-007   5.7997733882874880E-007
   1.4180097292714415E-007   4.0711894572592401E-007   7.0935933530529653E-007   8.4805728031083729E-007   8.8611824222822326E-007   8.9495154928216723E-007   8.9691887186471454E-007   8.9735296804872826E-007   3.9939127489594766E-007   1.0949236070306724E-006   1.7874956579567733E-006   2.0946137368595632E-006   2.1782141345310431E-006   2.1975815449831633E-006   2.2018932764967622E-006   2.2028445912031769E-006   6.2159664157108655E-007   1.6204904701563472E-006   2.5494837418214112E-006   2.9514147180207833E-006   3.0601669582024215E-006   3.0853271646659472E-006   3.0909268625995390E-006   3.0921622652279777E-006   7.0261494960785336E-007   1.8059859877824829E-006   2.8102608775272215E-006   3.2411838235026525E-006   3.3575401673218913E-006   3.3844470806951013E-006   3.3904349120211091E-006   3.3917559144787644E-006   7.2304287621799801E-007   1.8523747157472945E-006   2.8749506744765501E-006   3.3128360998801321E-006   3.4310121318120496E-006   3.4583366912070163E-006   3.4644173098954479E-006   3.4657587750537667E-006   7.2768276822154094E-007   1.8628915867893281E-006   2.8895894095986162E-006   3.3290384067389554E-006   3.4476227401174095E-006   3.4750409921132570E-006   3.4811424253189075E-006   3.4824884807254700E-006   7.2871108777425502E-007   1.8652214334648418E-006   2.8928310528236011E-006   3.3326257018906840E-006   3.4513002794066658E-006   3.4787392387188426E-006   3.4848452721645628E-006   3.4861923420648447E-006   7.2893774295806311E-007   1.8657349156190984E-006   2.8935454236721825E-006   3.3334162164397436E-006   3.4521106730057586E-006   3.4795541936965477E-006   3.4856612404744477E-006   3.4870085338453772E-006
   1.7343717084940806E-007   7.0935933530529653E-007   2.5518660652357336E-006   5.0960385752004121E-006   6.3334304364274282E-006   6.6774480290402445E-006   6.7575181220841718E-006   6.7753623067183151E-006   5.2803685416176225E-007   1.8658618878692275E-006   5.8582579191839068E-006   1.1226011446748892E-005   1.3829561591967160E-005   1.4553035570163869E-005   1.4721406557259502E-005   1.4758928366244778E-005   9.1067826717521243E-007   2.8594228476418876E-006   8.0017926274216274E-006   1.4776451010486525E-005   1.8053261405175465E-005   1.8963357171243510E-005   1.9175137234655296E-005   1.9222331746143604E-005   1.0706903735489918E-006   3.2475922198318608E-006   8.7380527486149192E-006   1.5911887604829978E-005   1.9377795030331737E-005   2.0340207837245812E-005   2.0564152243121882E-005   2.0614057060475800E-005   1.1129505341823034E-006   3.3484098582662207E-006   8.9225371147084146E-006   1.6190022865947053E-005   1.9700117807033810E-005   2.0674746699131270E-005   2.0901531042724028E-005   2.0952068597490297E-005   1.1226604088017131E-006   3.3714869627804047E-006   8.9644139655021099E-006   1.6252813587915791E-005   1.9772766174944137E-005   2.0750119781225672E-005   2.0977537527427906E-005   2.1028216202871950E-005   1.1248179820420440E-006   3.3766105121654586E-006   8.9736941044587310E-006   1.6266711261010195E-005   1.9788839784681289E-005   2.0766794806425872E-005   2.0994352359782342E-005   2.1045062183882212E-005   1.1252938141519019E-006   3.3777402542250770E-006   8.9757395328535324E-006   1.6269773604174402E-005   1.9792381306980334E-005   2.0770468769568406E-005   2.0998057110524891E-005   2.1048773794015644E-005
   1.8202121517699322E-007   8.4805728031083729E-007   5.0960385752004121E-006   2.2578746392944192E-005   4.7090750225423660E-005   5.9045817535464884E-005   6.2371233440865111E-005   6.3145306288833468E-005   5.6523750855749232E-007   2.1988322550600587E-006   1.1252874724100116E-005   4.7985875816863005E-005   9.9438662409591459E-005   1.2453139906356728E-004   1.3151108766948759E-004   1.3313577832710914E-004   1.0049596089608493E-006   3.3794789648175680E-006   1.4903238175370856E-005   6.1060158602355710E-005   1.2566204916012217E-004   1.5716470048108384E-004   1.6592721292936274E-004   1.6796689247619960E-004   1.1965001411076019E-006   3.8529965953765254E-006   1.6100696444614732E-005   6.4889278342189014E-005   1.3315115661148734E-004   1.6643734303396247E-004   1.7569588902131047E-004   1.7785102909102197E-004   1.2478297869868071E-006   3.9773554137781134E-006   1.6397170965103429E-005   6.5799339728761722E-005   1.3491340597080503E-004   1.6861480736632089E-004   1.7798882920531367E-004   1.8017084816480871E-004   1.2596671235342551E-006   4.0059043343403250E-006   1.6464290408087593E-005   6.6003263627302698E-005   1.3530726421610219E-004   1.6910120445356194E-004   1.7850096218659144E-004   1.8068897158710973E-004   1.2622996379069987E-006   4.0122469772619296E-006   1.6479155768734966E-005   6.6048322686843014E-005   1.3539423964967299E-004   1.6920860198433904E-004   1.7861403927951471E-004   1.8080337068854523E-004   1.2628803218836365E-006   4.0136457374469058E-006   1.6482431811263327E-005   6.6058247714108500E-005   1.3541339495427431E-004   1.6923225436787760E-004   1.7863894233922632E-004   1.8082856486302670E-004
   1.8400683491751919E-007   8.8611824222822326E-007   6.3334304364274282E-006   4.7090750225423660E-005   2.1633353861610463E-004   4.5373078668603398E-004   5.6952339676001260E-004   6.0173262684474929E-004   5.7398446848561364E-007   2.2886980419457502E-006   1.3862987091089764E-005   9.9445241668162757E-005   4.5465874239589946E-004   9.5290551264980258E-004   1.1959293317686569E-003   1.2635295661501183E-003   1.0278975020683032E-006   3.5179973837867479E-006   1.8212453447937579E-005   1.2569462786336835E-004   5.7162553066986306E-004   1.1971061683491407E-003   1.5021886826002474E-003   1.5870513193706015E-003   1.2275429374608195E-006   4.0139159751123655E-006   1.9615583040351490E-005   1.3320043785440143E-004   6.0436812507813002E-004   1.2652411060426897E-003   1.5875861889900415E-003   1.6772506179420726E-003   1.2812327389211215E-006   4.1444968111964738E-006   1.9961204961857474E-005   1.3496768840749989E-004   6.1201012790439093E-004   1.2811216307741862E-003   1.6074850270092135E-003   1.6982671976691426E-003   1.2936254439235711E-006   4.1744948568677747E-006   2.0039356361134536E-005   1.3536273091959810E-004   6.1371444624602116E-004   1.2846620086572691E-003   1.6119209363085300E-003   1.7029522096574095E-003   1.2963820291961482E-006   4.1811605091227076E-006   2.0056660360118458E-005   1.3544997129117086E-004   6.1409062501164039E-004   1.2854433785381583E-003   1.6128999366490555E-003   1.7039861832530338E-003   1.2969901084224081E-006   4.1826305554318822E-006   2.0060473604556933E-005   1.3546918511291936E-004   6.1417346488056176E-004   1.2856154439894051E-003   1.6131155215440751E-003   1.7042138735971219E-003
   1.8444872151464690E-007   8.9495154928216723E-007   6.6774480290402445E-006   5.9045817535464884E-005   4.5373078668603398E-004   2.0930359939460123E-003   4.3925180420123144E-003   5.5141127107844936E-003   5.7593833581617406E-007   2.3094744568114488E-006   1.4587939375224211E-005   1.2453946129634632E-004   9.5290699582679863E-004   4.3934534136575070E-003   9.2195652655956990E-003   1.1573548022534534E-002   1.0330624900615717E-006   3.5499125087312187E-006   1.9129925510550955E-005   1.5720470353284253E-004   1.1971135948661304E-003   5.5162348031736110E-003   1.1574735335460946E-002   1.4529827455226151E-002   1.2345564712294102E-006   4.0509681341573191E-006   2.0589183972047566E-005   1.6649789613949346E-004   1.2652523817282039E-003   5.8287613166695292E-003   1.2230067122070955E-002   1.5352365757731256E-002   1.2887861548066814E-006   4.1829780477934658E-006   2.0948165931670954E-005   1.6868151713781286E-004   1.2811340624705623E-003   5.9015304999180335E-003   1.2382632945424897E-002   1.5543853144059669E-002   1.3013059957728364E-006   4.2133090831466011E-006   2.1029313088665960E-005   1.6916937231341417E-004   1.2846747143054071E-003   5.9177492368307112E-003   1.2416635348730420E-002   1.5586529697989801E-002   1.3040909885004040E-006   4.2200489666975522E-006   2.1047279147712304E-005   1.6927709605084299E-004   1.2854561454842097E-003   5.9213285324053733E-003   1.2424139234191327E-002   1.5595947839087427E-002   1.3047053404241730E-006   4.2215353957824576E-006   2.1051238228033250E-005   1.6930082048452811E-004   1.2856282244749259E-003   5.9221167183416794E-003   1.2425791638945199E-002   1.5598021774699020E-002
   1.8454620833389131E-007   8.9691887186471454E-007   6.7575181220841718E-006   6.2371233440865111E-005   5.6952339676001260E-004   4.3925180420123144E-003   2.0271234420681926E-002   4.2544592780709496E-002   5.7636974602190030E-007   2.3140977567553339E-006   1.4756637378983972E-005   1.3151947799187484E-004   1.1959311430899558E-003   9.2195655937422176E-003   4.2545529793840096E-002   8.9292452915568601E-002   1.0342049508469744E-006   3.5570089160290360E-006   1.9343341062704911E-005   1.6596886253575374E-004   1.5021977562578958E-003   1.1574736982625559E-002   5.3410766268095135E-002  0.11209490852097395        1.2361089879329949E-006   4.0592054943809690E-006   2.0815610972418691E-005   1.7575894401741676E-004   1.5875999675999068E-003   1.2230069625037676E-002   5.6433285748268759E-002  0.11843792278501701        1.2904585105542706E-006   4.1915329203523068E-006   2.1177687253919048E-005   1.7805829790950531E-004   1.6075002188179221E-003   1.2382635705585614E-002   5.7136874656281596E-002  0.11991444112981291        1.3030065770288882E-006   4.2219379468987489E-006   2.1259528096229155E-005   1.7857194990293551E-004   1.6119364630280521E-003   1.2416638169851642E-002   5.7293679356039122E-002  0.12024350268990132        1.3057978767530296E-006   4.2286943252384740E-006   2.1277647450885646E-005   1.7868536683498311E-004   1.6129155383068886E-003   1.2424142068953275E-002   5.7328283876397504E-002  0.12031612172934834        1.3064136213472683E-006   4.2301843947270030E-006   2.1281640298130585E-005   1.7871034495600357E-004   1.6131311397542920E-003   1.2425794476720133E-002   5.7335904007542869E-002  0.12033211289125642     
   1.8456767402814320E-007   8.9735296804872826E-007   6.7753623067183151E-006   6.3145306288833468E-005   6.0173262684474929E-004   5.5141127107844936E-003   4.2544592780709496E-002  0.19634982182403923        5.7646475592788717E-007   2.3151177109624714E-006   1.4794231236765627E-005   1.3314424093663661E-004   1.2635314497710846E-003   1.1573548422981316E-002   8.9292452987868892E-002  0.41209609539913084        1.0344566555016023E-006   3.5585741952644689E-006   1.9390896091213800E-005   1.6800890505885556E-004   1.5870607561387935E-003   1.4529829465507746E-002  0.11209490888409120       0.51732916974559995        1.2364510922677611E-006   4.0610223744261531E-006   2.0866063131970568E-005   1.7791463571821312E-004   1.6772649484199285E-003   1.5352368812577363E-002  0.11843792333689684       0.54660134664513604        1.2908270380933865E-006   4.1934198229307000E-006   2.1228828262035089E-005   1.8024092520218911E-004   1.6982829980813810E-003   1.5543856512836927E-002  0.11991444173842997       0.55341520954357604        1.3033813282196620E-006   4.2238411674815671E-006   2.1310823522453238E-005   1.8076058107661130E-004   1.7029683584285126E-003   1.5586533141176008E-002  0.12024350331196683       0.55493376418212126        1.3061740186322225E-006   4.2306011835983546E-006   2.1328977001134674E-005   1.8087532302456098E-004   1.7040024099716543E-003   1.5595951298923652E-002  0.12031612235442317       0.55526888659733309        1.3067900703099320E-006   4.2320920559460598E-006   2.1332977364969889E-005   1.8090059292462967E-004   1.7042301175328066E-003   1.5598025238212933E-002  0.12033211351699594       0.55534268261608288     
   1.6240539002275852E-007   3.9939127489594766E-007   5.2803685416176225E-007   5.6523750855749232E-007   5.7398446848561364E-007   5.7593833581617406E-007   5.7636974602190030E-007   5.7646475592788717E-007   5.2514918441788007E-007   1.3924801013099166E-006   1.9984754363029662E-006   2.1987715310923226E-006   2.2477663420615738E-006   2.2588137822126376E-006   2.2612581637054690E-006   2.2617967420991879E-006   9.0436351605892361E-007   2.3075501543115412E-006   3.2500207231545019E-006   3.5569384183780393E-006   3.6317254211958769E-006   3.6485736588023503E-006   3.6523008074515692E-006   3.6531219865562624E-006   1.0688869734155454E-006   2.6903333004005394E-006   3.7628841163217853E-006   4.1100823793363436E-006   4.1945518250507192E-006   4.2135744859960331E-006   4.2177823207372675E-006   4.2187093899739769E-006   1.1132599252458524E-006   2.7924837741913170E-006   3.8989012236336458E-006   4.2565059678479189E-006   4.3434714595417749E-006   4.3630543833785424E-006   4.3673860579248546E-006   4.3683404070986742E-006   1.1235157718848105E-006   2.8160346821094744E-006   3.9302137548321461E-006   4.2901989520214524E-006   4.3777351010503483E-006   4.3974460986459640E-006   4.4018060816616745E-006   4.4027666667019637E-006   1.1257978094781345E-006   2.8212720870881072E-006   3.9371749315617810E-006   4.2976885746756814E-006   4.3853513907631551E-006   4.4050908156907924E-006   4.4094570820323302E-006   4.4104190511787476E-006   1.1263012458642261E-006   2.8224273593583836E-006   3.9387103227009037E-006   4.2993404854182046E-006   4.3870312301895343E-006   4.4067769229896901E-006   4.4111445747243412E-006   4.4121068490483921E-006
   3.1808954229174196E-007   1.0949236070306724E-006   1.8658618878692275E-006   2.1988322550600587E-006   2.2886980419457502E-006   2.3094744568114488E-006   2.3140977567553339E-006   2.3151177109624714E-006   1.3924801013099166E-006   6.7766146985649060E-006   1.3304257302881655E-005   1.6272474717433108E-005   1.7077859420203886E-005   1.7264157125983458E-005   1.7305616453557344E-005   1.7314763003824904E-005   3.5650237643407613E-006   1.5237434917655777E-005   2.9844260082612549E-005   3.6467238046525622E-005   3.8262380258602683E-005   3.8677510193469146E-005   3.8769888845859349E-005   3.8790268680819976E-005   4.6217507256371189E-006   1.9733280224837684E-005   3.8610506527872975E-005   4.7159153463394933E-005   4.9475172166889127E-005   5.0010691934012539E-005   5.0129857629104846E-005   5.0156146846988507E-005   4.9263625892428576E-006   2.1027947804395563E-005   4.1132436135790113E-005   5.0233822196118946E-005   5.2699283369992921E-005   5.3269339580824060E-005   5.3396189513851499E-005   5.3424173910695736E-005   4.9979453743065511E-006   2.1332110637744949E-005   4.1724773677599609E-005   5.0955907567114291E-005   5.3456444068748269E-005   5.4034606003899756E-005   5.4163259419430222E-005   5.4191641672353466E-005   5.0139334580706667E-006   2.1400041613290601E-005   4.1857057085380344E-005   5.1117162901491753E-005   5.3625531301275723E-005   5.4205503134117214E-005   5.4334559242036962E-005   5.4363030330619412E-005   5.0174635086362607E-006   2.1415040069586830E-005   4.1886263510363180E-005   5.1152765751747223E-005   5.3662863268301992E-005   5.4243234687480240E-005   5.4372379701153752E-005   5.4400870402723239E-005
   3.8867933152819155E-007   1.7874956579567733E-006   5.8582579191839068E-006   1.1252874724100116E-005   1.3862987091089764E-005   1.4587939375224211E-005   1.4756637378983972E-005   1.4794231236765627E-005   1.9984754363029662E-006   1.3304257302881655E-005   3.8197306372492257E-005   6.6554544177575262E-005   7.9567664677691487E-005   8.3138675652378178E-005   8.3967447045515329E-005   8.4152028048703663E-005   7.3914532806914485E-006   3.7472269590644496E-005   1.0272951654866148E-004   1.6770901969381580E-004   1.9652389916709532E-004   2.0436757737525579E-004   2.0618469475200269E-004   2.0658923630269667E-004   1.1786971725500180E-005   5.8320344969126667E-005   1.5204001585309796E-004   2.3920137493085308E-004   2.7691192807425283E-004   2.8711543906415754E-004   2.8947605658091014E-004   2.9000143959196452E-004   1.3410391923517171E-005   6.5921762604808737E-005   1.6944384633525762E-004   2.6366838697259101E-004   3.0409906690818304E-004   3.1501602117893458E-004   3.1754052077406401E-004   3.1810231980127093E-004   1.3821014660761161E-005   6.7838381272336372E-005   1.7379619709884746E-004   2.6973780727147171E-004   3.1082173108731360E-004   3.2190941478510876E-004   3.2447309937326242E-004   3.2504360403145800E-004   1.3914347819277363E-005   6.8273711974224018E-005   1.7478292628325394E-004   2.7111126398782844E-004   3.1234188750726136E-004   3.2346787945774147E-004   3.2604035460948413E-004   3.2661281215761405E-004   1.3935036112047373E-005   6.8370192468232444E-005   1.7500152054962203E-004   2.7141540615737119E-004   3.1267845993504355E-004   3.2381291890236396E-004   3.2638733688608303E-004   3.2696022604463337E-004
   4.0781252374027968E-007   2.0946137368595632E-006   1.1226011446748892E-005   4.7985875816863005E-005   9.9445241668162757E-005   1.2453946129634632E-004   1.3151947799187484E-004   1.3314424093663661E-004   2.1987715310923226E-006   1.6272474717433108E-005   6.6554544177575262E-005   2.3942489274620066E-004   4.7812794955018486E-004   5.9422433003633406E-004   6.2650124939985907E-004   6.3401370222815811E-004   9.4107867210247649E-006   4.9542242399011759E-005   1.7506161019506538E-004   5.4964200241074124E-004   1.0532631877594974E-003   1.2975372594947847E-003   1.3654160882445266E-003   1.3812132360949254E-003   1.6880781782187212E-005   8.5442982065196755E-005   2.6828093289819725E-004   7.5075583616916177E-004   1.3863776969142800E-003   1.6938193718462132E-003   1.7792077016445813E-003   1.7990776390440844E-003   2.0054125102818121E-005   1.0045587084041416E-004   3.0470032479734037E-004   8.1983430504002891E-004   1.4929082819337099E-003   1.8180916937607578E-003   1.9083885891237539E-003   1.9293998271696805E-003   2.0895308852357198E-005   1.0442086514983656E-004   3.1415938403164307E-004   8.3714326579115107E-004   1.5190038932861580E-003   1.8483331305245727E-003   1.9397761812147063E-003   1.9610538720312098E-003   2.1088740994199660E-005   1.0533187914112787E-004   3.1632455772491485E-004   8.4107229664681356E-004   1.5248951358077098E-003   1.8551492514535172E-003   1.9468479442442189E-003   1.9681850630823986E-003   2.1131730153146367E-005   1.0553431011848036E-004   3.1680526683371482E-004   8.4194299135318079E-004   1.5261990635237366E-003   1.8566573330647698E-003   1.9484124527325316E-003   1.9697626887610542E-003
   4.1223710959389941E-007   2.1782141345310431E-006   1.3829561591967160E-005   9.9438662409591459E-005   4.5465874239589946E-004   9.5290699582679863E-004   1.1959311430899558E-003   1.2635314497710846E-003   2.2477663420615738E-006   1.7077859420203886E-005   7.9567664677691487E-005   4.7812794955018486E-004   2.1184160121565567E-003   4.4182169180648828E-003   5.5398826463231628E-003   5.8518846582365138E-003   9.9929611778361689E-006   5.3032536349044506E-005   2.0630204069350670E-004   1.0557835932722506E-003   4.5022006943470239E-003   9.3296789383195047E-003   1.1683966204384087E-002   1.2338824709162227E-002   1.8557374537723818E-005   9.4288783360379035E-005   3.1707439497407253E-004   1.3982733068632377E-003   5.7288750861948243E-003   1.1790047703640250E-002   1.4745735314559374E-002   1.5567864513147477E-002   2.2348795166964083E-005   1.1225977799467230E-004   3.6150145541211337E-004   1.5106229797506674E-003   6.0881363325084150E-003   1.2492701644901167E-002   1.5615726682422067E-002   1.6484395461793054E-002   2.3368615053689115E-005   1.1707570275136358E-004   3.7316922950240202E-004   1.5384392437924994E-003   6.1735214367037274E-003   1.2658041969612810E-002   1.5820023910766395E-002   1.6699527033589599E-002   2.3603993699068072E-005   1.1818632257263212E-004   3.7584778788630222E-004   1.5447366218785173E-003   6.1926542815664331E-003   1.2694995111245961E-002   1.5865659366337999E-002   1.6747577119675481E-002   2.3656349244088275E-005   1.1843331416828576E-004   3.7644287656353351E-004   1.5461313413848098E-003   6.1968818782434897E-003   1.2703155446985333E-002   1.5875735773810087E-002   1.6758186403295034E-002
   4.1322171042417589E-007   2.1975815449831633E-006   1.4553035570163869E-005   1.2453139906356728E-004   9.5290551264980258E-004   4.3934534136575070E-003   9.2195655937422176E-003   1.1573548422981316E-002   2.2588137822126376E-006   1.7264157125983458E-005   8.3138675652378178E-005   5.9422433003633406E-004   4.4182169180648828E-003   2.0297160178656216E-002   4.2570590368314468E-002   5.3434653190986114E-002   1.0129797969692057E-005   5.3853206356446444E-005   2.1473355936910455E-004   1.3006733553312558E-003   9.3302962270946643E-003   4.2657654379758665E-002   8.9404888160682719E-002  0.11220622268994165        1.8966325324960412E-005   9.6440895758397312E-005   3.3007067172106762E-004   1.7087553194194832E-003   1.1793104350161314E-002   5.3631882658770724E-002  0.11231663756472703       0.14094053332806708        2.2916579425036213E-005   1.1517232042339288E-004   3.7659946770943176E-004   1.8404017865869080E-003   1.2497325381412986E-002   5.6703906015022974E-002  0.11870929287363334       0.14895282248646408        2.3982864609425683E-005   1.2020968313271282E-004   3.8885101300017522E-004   1.8728292296312833E-003   1.2663134935407811E-002   5.7420905128718489E-002  0.12019925858240998       0.15081980023401062        2.4229187979332070E-005   1.2137240954162129E-004   3.9166553330956434E-004   1.8801616639799285E-003   1.2700199189044716E-002   5.7580810165157974E-002  0.12053142906991549       0.15123599257368289        2.4283989145986077E-005   1.2163104189785015E-004   3.9229092783867460E-004   1.8817851849621799E-003   1.2708384382182981E-002   5.7616104556912601E-002  0.12060473989232723       0.15132784576877098     
   4.1343892513670899E-007   2.2018932764967622E-006   1.4721406557259502E-005   1.3151108766948759E-004   1.1959293317686569E-003   9.2195652655956990E-003   4.2545529793840096E-002   8.9292452987868892E-002   2.2612581637054690E-006   1.7305616453557344E-005   8.3967447045515329E-005   6.2650124939985907E-004   5.5398826463231628E-003   4.2570590368314468E-002  0.19637586987472605       0.41212122196444473        1.0160362241055671E-005   5.4036524941395991E-005   2.1668287440904224E-004   1.3686908838526711E-003   1.1684722630924144E-002   8.9405027317473906E-002  0.41220898176456872       0.86501147335016415        1.9058464830900997E-005   9.6925492780619774E-005   3.3306505903273314E-004   1.7948357188500665E-003   1.4749488539114270E-002  0.11231733434621488       0.51755221173439470        1.0859816680866416        2.3044942227412478E-005   1.1583035439829178E-004   3.8007582931249797E-004   1.9317483904798519E-003   1.5621407984036878E-002  0.11871035079741378       0.54687452923117608        1.1474671609421543        2.4121855085217810E-005   1.2091837071350113E-004   3.9246145559764943E-004   1.9654293184688024E-003   1.5826282852057307E-002  0.12020042496712430       0.55370198547265104        1.1617814137122657        2.4370683643731861E-005   1.2209302545786930E-004   3.9530721814970361E-004   1.9730428251590105E-003   1.5872055110517602E-002  0.12053262115773081       0.55522368341702888        1.1649716366927911        2.4426044696156128E-005   1.2235432309969327E-004   3.9593957731552806E-004   1.9747284629042057E-003   1.5882162123825032E-002  0.12060593773132462       0.55555950529684650        1.1656756771579755     
   4.1348675365717465E-007   2.2028445912031769E-006   1.4758928366244778E-005   1.3313577832710914E-004   1.2635295661501183E-003   1.1573548022534534E-002   8.9292452915568601E-002  0.41209609539913084        2.2617967420991879E-006   1.7314763003824904E-005   8.4152028048703663E-005   6.3401370222815811E-004   5.8518846582365138E-003   5.3434653190986114E-002  0.41212122196444473        1.9019172648296945        1.0167110688832983E-005   5.4077001337725223E-005   2.1711664838655536E-004   1.3845187135365724E-003   1.2339611918203109E-002  0.11220639263436531       0.86501150413800454        3.9917686302158883        1.9078848180318057E-005   9.7032682399517958E-005   3.3373086848853084E-004   1.8148591034551327E-003   1.5571772223147987E-002  0.14094138464998357        1.0859818226293176        5.0111826633227965        2.3073360701258637E-005   1.1597601688046761E-004   3.8084868691459826E-004   1.9529925541204275E-003   1.6490311499427444E-002  0.14895411524325647        1.1474673957791417        5.2947658858995750        2.4152632551669791E-005   1.2107527690891426E-004   3.9326410330426742E-004   1.9869638020809507E-003   1.6706044827480462E-002  0.15082122558200214        1.1617816726800825        5.3607790286476567        2.4402017273250614E-005   1.2225257986802553E-004   3.9611680796576966E-004   1.9946423927245959E-003   1.6754237432535748E-002  0.15123744934416428        1.1649719013801332        5.3754909874502745        2.4457502627619375E-005   1.2251446925406318E-004   3.9675071472967808E-004   1.9963424131936797E-003   1.6764878601036336E-002  0.15132930957022364        1.1656759431251376        5.3787377031334396     
   2.1032352811756572E-007   6.2159664157108655E-007   9.1067826717521243E-007   1.0049596089608493E-006   1.0278975020683032E-006   1.0330624900615717E-006   1.0342049508469744E-006   1.0344566555016023E-006   9.0436351605892361E-007   3.5650237643407613E-006   7.3914532806914485E-006   9.4107867210247649E-006   9.9929611778361689E-006   1.0129797969692057E-005   1.0160362241055671E-005   1.0167110688832983E-005   2.8424816446105691E-006   6.9717753255398150E-006   9.9760403363409694E-006   1.1057337917165339E-005   1.1331215664924286E-005   1.1393527485998841E-005   1.1407343040427289E-005   1.1410388450862154E-005   5.4258113481247865E-006   1.2492569097029955E-005   1.7026998380193895E-005   1.8558089495815934E-005   1.8938849456130291E-005   1.9025106678753632E-005   1.9044212946867824E-005   1.9048423713853986E-005   6.6728211311741063E-006   1.5133737219035952E-005   2.0371769315738743E-005   2.2104428245881994E-005   2.2532636582189662E-005   2.2629498629863676E-005   2.2650946755630878E-005   2.2655673288880837E-005   7.0190088955922512E-006   1.5865700647962511E-005   2.1297204354694126E-005   2.3084996125295752E-005   2.3526156871820040E-005   2.3625912354837585E-005   2.3647999362981223E-005   2.3652866598885408E-005   7.0995592334301763E-006   1.6035950362895522E-005   2.1512379131585999E-005   2.3312958456060483E-005   2.3757122111060914E-005   2.3857548339870043E-005   2.3879783447755424E-005   2.3884683299854385E-005   7.1175092351569236E-006   1.6073886133896722E-005   2.1560321645224852E-005   2.3363748598440350E-005   2.3808580901117979E-005   2.3909156479103571E-005   2.3931424562900903E-005   2.3936331677318202E-005
   4.1152296338077982E-007   1.6204904701563472E-006   2.8594228476418876E-006   3.3794789648175680E-006   3.5179973837867479E-006   3.5499125087312187E-006   3.5570089160290360E-006   3.5585741952644689E-006   2.3075501543115412E-006   1.5237434917655777E-005   3.7472269590644496E-005   4.9542242399011759E-005   5.3032536349044506E-005   5.3853206356446444E-005   5.4036524941395991E-005   5.4077001337725223E-005   6.9717753255398150E-006   4.9271311244695263E-005   1.3064729511050861E-004   1.8750387158291283E-004   2.0629634336100935E-004   2.1089320583793939E-004   2.1192971484964738E-004   2.1215905516837520E-004   1.6181910215019184E-005   8.4850510293526133E-005   2.1650232969867194E-004   3.0492817537127056E-004   3.3372425415529504E-004   3.4074102920176143E-004   3.4232178907660227E-004   3.4267148304281198E-004   1.9324882882975184E-005   1.0028666960786871E-004   2.5241636725179309E-004   3.5304679122471897E-004   3.8562213207680605E-004   3.9354734737552782E-004   3.9533211916219235E-004   3.9572691275866607E-004   2.0178417278495441E-005   1.0444989328858415E-004   2.6200047770512565E-004   3.6580838626822001E-004   3.9936009914823191E-004   4.0751950210635640E-004   4.0935683969360245E-004   4.0976325236854289E-004   2.0376010498593476E-005   1.0541213226146977E-004   2.6421010527108478E-004   3.6874623615225008E-004   4.0252129135653165E-004   4.1073423535785511E-004   4.1258358926774192E-004   4.1299265794110708E-004   2.0419992899190562E-005   1.0562624091453259E-004   2.6470149670512608E-004   3.6939935780882344E-004   4.0322399363590573E-004   4.1144882197838935E-004   4.1330084303880290E-004   4.1371050123551053E-004
   5.0263714022439100E-007   2.5494837418214112E-006   8.0017926274216274E-006   1.4903238175370856E-005   1.8212453447937579E-005   1.9129925510550955E-005   1.9343341062704911E-005   1.9390896091213800E-005   3.2500207231545019E-006   2.9844260082612549E-005   1.0272951654866148E-004   1.7506161019506538E-004   2.0630204069350670E-004   2.1473355936910455E-004   2.1668287440904224E-004   2.1711664838655536E-004   9.9760403363409694E-006   1.3064729511050861E-004   6.3580540902578669E-004   1.2482513957941771E-003   1.5267398109221624E-003   1.6023037869110474E-003   1.6197828814578917E-003   1.6236727388422322E-003   4.4885185677930525E-005   3.3448284925411819E-004   1.4296288001110033E-003   2.8000916140201722E-003   3.4214822936771221E-003   3.5899087395027665E-003   3.6288576645600698E-003   3.6375249489610318E-003   5.8216054104208391E-005   4.3362862450350504E-004   1.8514445431625898E-003   3.6225711491086874E-003   4.4246347462330174E-003   4.6419316244808440E-003   4.6921759396326866E-003   4.7033564769481759E-003   6.2060453657189599E-005   4.6220836219686503E-004   1.9729147294707391E-003   3.8591872999775810E-003   4.7131107918966988E-003   4.9444288791452035E-003   4.9979135227935928E-003   5.0098150218666447E-003   6.2963975662435039E-005   4.6892450646079443E-004   2.0014523375937302E-003   3.9147624550961487E-003   4.7808593367201866E-003   5.0154683124292495E-003   5.0697134631443978E-003   5.0817841711781938E-003   6.3165783329326286E-005   4.7042456372970408E-004   2.0078258564690870E-003   3.9271737415470616E-003   4.7959888694429431E-003   5.0313326609011978E-003   5.0857476224720997E-003   5.0978561124974458E-003
   5.2732199846159641E-007   2.9514147180207833E-006   1.4776451010486525E-005   6.1060158602355710E-005   1.2569462786336835E-004   1.5720470353284253E-004   1.6596886253575374E-004   1.6800890505885556E-004   3.5569384183780393E-006   3.6467238046525622E-005   1.6770901969381580E-004   5.4964200241074124E-004   1.0557835932722506E-003   1.3006733553312558E-003   1.3686908838526711E-003   1.3845187135365724E-003   1.1057337917165339E-005   1.8750387158291283E-004   1.2482513957941771E-003   3.5838032826314920E-003   6.2443773278580061E-003   7.4653132627327482E-003   7.8003578527515750E-003   7.8781160488482216E-003   8.8164507885052433E-005   6.9349168950394110E-004   3.5157778262426137E-003   9.6384382458803639E-003   1.5735039781193626E-002   1.8438551349206640E-002   1.9174472344163342E-002   1.9344960575878076E-002   1.4151269210763357E-004   1.1058944196272636E-003   5.4718163031274494E-003   1.4264919693344456E-002   2.2442699606287038E-002   2.5980834018887698E-002   2.6938162680322345E-002   2.7159643973350578E-002   1.6127910800982145E-004   1.2582093126725336E-003   6.1850075739922619E-003   1.5897807211749236E-002   2.4738279226909476E-002   2.8531625335119458E-002   2.9555891710615310E-002   2.9792748986565587E-002   1.6628264049004063E-004   1.2967353568733339E-003   6.3648313606555259E-003   1.6306159800845668E-002   2.5307733213499044E-002   2.9162368919974636E-002   3.0202653720306893E-002   3.0443187467714617E-002   1.6742012503703459E-004   1.3054921963375321E-003   6.4056755914827183E-003   1.6398738142775315E-002   2.5436595668893953E-002   2.9304995248511906E-002   3.0348874261493217E-002   3.0590232769954491E-002
   5.3302973714035537E-007   3.0601669582024215E-006   1.8053261405175465E-005   1.2566204916012217E-004   5.7162553066986306E-004   1.1971135948661304E-003   1.5021977562578958E-003   1.5870607561387935E-003   3.6317254211958769E-006   3.8262380258602683E-005   1.9652389916709532E-004   1.0532631877594974E-003   4.5022006943470239E-003   9.3302962270946643E-003   1.1684722630924144E-002   1.2339611918203109E-002   1.1331215664924286E-005   2.0629634336100935E-004   1.5267398109221624E-003   6.2443773278580061E-003   2.2463670820135409E-002   4.4859616497717317E-002   5.5752180110200888E-002   5.8780512224518126E-002   1.1140224697516606E-004   8.8295253110416791E-004   4.6482243854337746E-003   1.6424885230431886E-002   5.1569312068829948E-002   9.8820792046366193E-002  0.12173942959660779       0.12810805587936816        2.0161159066532652E-004   1.5838132818694125E-003   8.0165558434139514E-003   2.5171044225264970E-002   7.0438506942871668E-002  0.13007474644197808       0.15891998681296543       0.16693141499184322        2.4005751795089215E-004   1.8815473183611525E-003   9.4251169484753285E-003   2.8588037428052319E-002   7.6919687607402865E-002  0.14006981406717134       0.17057964550393306       0.17905161226665697        2.5025628315978107E-004   1.9604700846289173E-003   9.7971264164507018E-003   2.9475519053167972E-002   7.8543674119799553E-002  0.14251819450308945       0.17341700160671059       0.18199650462300546        2.5260190064019510E-004   1.9786185566217137E-003   9.8826008973126357E-003   2.9678663131280307E-002   7.8912309372263928E-002  0.14307093123487949       0.17405651362679253       0.18266000186838741     
   5.3429984272527722E-007   3.0853271646659472E-006   1.8963357171243510E-005   1.5716470048108384E-004   1.1971061683491407E-003   5.5162348031736110E-003   1.1574736982625559E-002   1.4529829465507746E-002   3.6485736588023503E-006   3.8677510193469146E-005   2.0436757737525579E-004   1.2975372594947847E-003   9.3296789383195047E-003   4.2657654379758665E-002   8.9405027317473906E-002  0.11220639263436531        1.1393527485998841E-005   2.1089320583793939E-004   1.6023037869110474E-003   7.4653132627327482E-003   4.4859616497717317E-002  0.19875711088918915       0.41453237932352627       0.51977093409874298        1.1812648031275784E-004   9.3757415046755361E-004   4.9756958252650451E-003   1.9355970377623377E-002   9.9057265201359976E-002  0.42241202743778378       0.87534271864588886        1.0962300856790752        2.2144211413400989E-004   1.7411170080100424E-003   8.8464994894405236E-003   2.9749015453215392E-002  0.13119083367515219       0.53750285791032260        1.1061830185260493        1.3834958441778973        2.6732436127407505E-004   2.0968411934906500E-003   1.0532600308552575E-002   3.3917315790492036E-002  0.14173186823319381       0.57120998954168101        1.1721084394624923        1.4651214407475210        2.7967468438686515E-004   2.1925242194636560E-003   1.0984447011658472E-002   3.5012026676071450E-002  0.14434168625050439       0.57922111508333340        1.1876212400949386        1.4842893127024972        2.8252564307399797E-004   2.2146082573731444E-003   1.1088649201268475E-002   3.5263338279966486E-002  0.14493252802443884       0.58101622470589098        1.1910883115422539        1.4885709888470660     
   5.3458004150590287E-007   3.0909268625995390E-006   1.9175137234655296E-005   1.6592721292936274E-004   1.5021886826002474E-003   1.1574735335460946E-002   5.3410766268095135E-002  0.11209490888409120        3.6523008074515692E-006   3.8769888845859349E-005   2.0618469475200269E-004   1.3654160882445266E-003   1.1683966204384087E-002   8.9404888160682719E-002  0.41220898176456872       0.86501150413800454        1.1407343040427289E-005   2.1192971484964738E-004   1.6197828814578917E-003   7.8003578527515750E-003   5.5752180110200888E-002  0.41453237932352627        1.9043497090347115        3.9941198999151211        1.1970822289742861E-004   9.5041265114756640E-004   5.0526939213559868E-003   2.0147044596640483E-002  0.12203366894541919       0.87540063481194463        4.0022885463366782        8.3882755644858431        2.2628146735931368E-004   1.7794861840833764E-003   9.0484181116961514E-003   3.0968371048965215E-002  0.16032132902857371        1.1064698036655356        5.0319285672098211        10.537935069905222        2.7407378998976913E-004   2.1501126746799821E-003   1.0805865104113372E-002   3.5333863478559019E-002  0.17267285551006450        1.1725422544003177        5.3201564145112723        11.137716082141432        2.8698347658575614E-004   2.2501552354503994E-003   1.1278487881159951E-002   3.6483345795508326E-002  0.17571531027628517        1.1880990797456319        5.3874277490982667        11.277509813826333        2.8996622242629565E-004   2.2732661452368303E-003   1.1387578890887517E-002   3.6747413817097549E-002  0.17640326460563224        1.1915765761051100        5.4024305922022444        11.308675196848544     
   5.3464173840984730E-007   3.0921622652279777E-006   1.9222331746143604E-005   1.6796689247619960E-004   1.5870513193706015E-003   1.4529827455226151E-002  0.11209490852097395       0.51732916974559995        3.6531219865562624E-006   3.8790268680819976E-005   2.0658923630269667E-004   1.3812132360949254E-003   1.2338824709162227E-002  0.11220622268994165       0.86501147335016415        3.9917686302158883        1.1410388450862154E-005   2.1215905516837520E-004   1.6236727388422322E-003   7.8781160488482216E-003   5.8780512224518126E-002  0.51977093409874298        3.9941198999151211        18.424662729450443        1.2006158659021768E-004   9.5328029670811926E-004   5.0698935044915829E-003   2.0329936069952391E-002  0.12841530852006400        1.0963010562310531        8.3882886206568781        38.674871143319798        2.2737191966519011E-004   1.7881310309380150E-003   9.0938846789472127E-003   3.1249314814275977E-002  0.16839768957193696        1.3838479846756884        10.538000444352287        48.558537014606053        2.7559980277759691E-004   2.1621561163833775E-003   1.0867604125612124E-002   3.5660027737451763E-002  0.18124330955455503        1.4656544800979463        11.137815340206389        51.309658171542004        2.8863741363426465E-004   2.2631958021998148E-003   1.1344979399007355E-002   3.6822089996641286E-002  0.18440337060995457        1.4848765482034889        11.277619248070916        51.950233709817184        2.9165032128825594E-004   2.2865417574386188E-003   1.1455189566388604E-002   3.7089089273401432E-002  0.18511769611769124        1.4891710596678249        11.308787042646886        52.093004669503529     
